  0   0   0   0   0   0   0   0   0   0   0   0   0   0   0   0
  0   0   0   0   0   0   0   0   0   0   0   0   0   0   0   0
  0   0   0   0   0   0   0   0   0   0   0   0   0   0   0   0
  0   0   0   0   0   0 217 217 217 217   0   0   0   0   0   0
  0   0   0   0   0 217 217 217 217 217 217   0   0   0   0   0
  0   0   0   0 217 217 217 217 217 217 217 217   0   0   0   0
  0   0   0 217 217 217 217 217 217 217 217 217 217   0   0   0
  0   0   0 217 217 217 217 217 217 217 217 217 217   0   0   0
  0   0   0 217 217 217 217 217 217 217 217 217 217   0   0   0
  0   0   0 217 217 217 217 217 217 217 217 217 217   0   0   0
  0   0   0   0 217 217 217 217 217 217 217 217   0   0   0   0
  0   0   0   0   0 217 217 217 217 217 217   0   0   0   0   0
  0   0   0   0   0   0 217 217 217 217   0   0   0   0   0   0
  0   0   0   0   0   0   0   0   0   0   0   0   0   0   0   0
  0   0   0   0   0   0   0   0   0   0   0   0   0   0   0   0
  0   0   0   0   0   0   0   0   0   0   0   0   0   0   0   0
  0   0   0   0   0   0   0   0   0   0   0   0   0   0   0   0
  0   0   0   0   0   0   0   0   0   0   0   0   0   0   0   0
  0   0   0   0   0   0   0   0   0   0   0   0   0   0   0   0
  0   0   0   0   0   0 217 217 217 217   0   0   0   0   0   0
  0   0   0   0   0 217 217 217 217 217 217   0   0   0   0   0
  0   0   0   0 217 217 217 217 217 217 217 217   0   0   0   0
  0   0   0 217 217 217 217 217 217 217 217 217 217   0   0   0
  0   0   0 217 217 217 217 217 217 217 217 217 217   0   0   0
  0   0   0 217 217 217 217 217 217 217 217 217 217   0   0   0
  0   0   0 217 217 217 217 217 217 217 217 217 217   0   0   0
  0   0   0   0 217 217 217 217 217 217 217 217   0   0   0   0
  0   0   0   0   0 217 217 217 217 217 217   0   0   0   0   0
  0   0   0   0   0   0 217 217 217 217   0   0   0   0   0   0
  0   0   0   0   0   0   0   0   0   0   0   0   0   0   0   0
  0   0   0   0   0   0   0   0   0   0   0   0   0   0   0   0
  0   0   0   0   0   0   0   0   0   0   0   0   0   0   0   0
  0   0   0   0   0   0   0   0   0   0   0   0   0   0   0   0
  0   0   0   0   0   0   0   0   0   0   0   0   0   0   0   0
  0   0   0   0   0   0   0   0   0   0   0   0   0   0   0   0
  0   0   0   0   0   0 217 217 217 217   0   0   0   0   0   0
  0   0   0   0   0 217 217 217 217 217 217   0   0   0   0   0
  0   0   0   0 217 217 217 217 217 217 217 217   0   0   0   0
  0   0   0 217 217 217 217 217 217 217 217 217 217   0   0   0
  0   0   0 217 217 217 217 217 217 217 217 217 217   0   0   0
  0   0   0 217 217 217 217 217 217 217 217 217 217   0   0   0
  0   0   0 217 217 217 217 217 217 217 217 217 217   0   0   0
  0   0   0   0 217 217 217 217 217 217 217 217   0   0   0   0
  0   0   0   0   0 217 217 217 217 217 217   0   0   0   0   0
  0   0   0   0   0   0 217 217 217 217   0   0   0   0   0   0
  0   0   0   0   0   0   0   0   0   0   0   0   0   0   0   0
  0   0   0   0   0   0   0   0   0   0   0   0   0   0   0   0
  0   0   0   0   0   0   0   0   0   0   0   0   0   0   0   0

  0   0   0   0   0   0   0   0   0   0   0   0   0   0   0   0
  0   0   0   0   0   0   0   0   0   0   0   0   0   0   0   0
  0   0   0   0   0   0   0   0   0   0   0   0   0   0   0   0
  0   0   0   0   0   0 217 217 217 217   0   0   0   0   0   0
  0   0   0   0   0 217 217 217 217 217 217   0   0   0   0   0
  0   0   0   0 217 217 217 217 217 217 217 217   0   0   0   0
  0   0   0 217 217 217 217 217 217 217 217 217 217   0   0   0
  0   0   0 217 217 217 217 217 217 217 217 217 217   0   0   0
  0   0   0 217 217 217 217 217 217 217 217 217 217   0   0   0
  0   0   0 217 217 217 217 217 217 217 217 217 217   0   0   0
  0   0   0   0 217 217 217 217 217 217 217 217   0   0   0   0
  0   0   0   0   0 217 217 217 217 217 217   0   0   0   0   0
  0   0   0   0   0   0 217 217 217 217   0   0   0   0   0   0
  0   0   0   0   0   0   0   0   0   0   0   0   0   0   0   0
  0   0   0   0   0   0   0   0   0   0   0   0   0   0   0   0
  0   0   0   0   0   0   0   0   0   0   0   0   0   0   0   0
  0   0   0   0   0   0   0   0   0   0   0   0   0   0   0   0
  0   0   0   0   0   0   0   0   0   0   0   0   0   0   0   0
  0   0   0   0   0   0   0   0   0   0   0   0   0   0   0   0
  0   0   0   0   0   0 217 217 217 217   0   0   0   0   0   0
  0   0   0   0   0 217 217 217 217 217 217   0   0   0   0   0
  0   0   0   0 217 217 217 217 217 217 217 217   0   0   0   0
  0   0   0 217 217 217 217 217 217 217 217 217 217   0   0   0
  0   0   0 217 217 217 217 217 217 217 217 217 217   0   0   0
  0   0   0 217 217 217 217 217 217 217 217 217 217   0   0   0
  0   0   0 217 217 217 217 217 217 217 217 217 217   0   0   0
  0   0   0   0 217 217 217 217 217 217 217 217   0   0   0   0
  0   0   0   0   0 217 217 217 217 217 217   0   0   0   0   0
  0   0   0   0   0   0 217 217 217 217   0   0   0   0   0   0
  0   0   0   0   0   0   0   0   0   0   0   0   0   0   0   0
  0   0   0   0   0   0   0   0   0   0   0   0   0   0   0   0
  0   0   0   0   0   0   0   0   0   0   0   0   0   0   0   0
  0   0   0   0   0   0   0   0   0   0   0   0   0   0   0   0
  0   0   0   0   0   0   0   0   0   0   0   0   0   0   0   0
  0   0   0   0   0   0   0   0   0   0   0   0   0   0   0   0
  0   0   0   0   0   0 217 217 217 217   0   0   0   0   0   0
  0   0   0   0   0 217 217 217 217 217 217   0   0   0   0   0
  0   0   0   0 217 217 217 217 217 217 217 217   0   0   0   0
  0   0   0 217 217 217 217 217 217 217 217 217 217   0   0   0
  0   0   0 217 217 217 217 217 217 217 217 217 217   0   0   0
  0   0   0 217 217 217 217 217 217 217 217 217 217   0   0   0
  0   0   0 217 217 217 217 217 217 217 217 217 217   0   0   0
  0   0   0   0 217 217 217 217 217 217 217 217   0   0   0   0
  0   0   0   0   0 217 217 217 217 217 217   0   0   0   0   0
  0   0   0   0   0   0 217 217 217 217   0   0   0   0   0   0
  0   0   0   0   0   0   0   0   0   0   0   0   0   0   0   0
  0   0   0   0   0   0   0   0   0   0   0   0   0   0   0   0
  0   0   0   0   0   0   0   0   0   0   0   0   0   0   0   0

  0   0   0   0   0   0   0   0   0   0   0   0   0   0   0   0
  0   0   0   0   0   0   0   0   0   0   0   0   0   0   0   0
  0   0   0   0   0   6  20  31  31  19   5   0   0   0   0   0
  0   0   0   1  20  74 136 177 176 132  70  17   1   0   0   0
  0   0   0  20 110 201 217 217 217 217 199 101  16   0   0   0
  0   0   6  74 201 217 217 217 217 217 217 198  63   4   0   0
  0   0  20 136 217 217 217 217 217 217 217 217 127  13   0   0
  0   0  31 177 217 217 217 217 217 217 217 217 171  20   0   0
  0   0  31 176 217 217 217 217 217 217 217 217 169  20   0   0
  0   0  19 132 217 217 217 217 217 217 217 217 122  12   0   0
  0   0   5  70 199 217 217 217 217 217 217 195  58   3   0   0
  0   0   0  17 101 198 217 217 217 217 195  91  13   0   0   0
  0   0   0   1  16  63 127 171 169 122  58  13   0   0   0   0
  0   0   0   0   0   4  13  20  20  12   3   0   0   0   0   0
  0   0   0   0   0   0   0   0   0   0   0   0   0   0   0   0
  0   0   0   0   0   0   0   0   0   0   0   0   0   0   0   0
  0   0   0   0   0   0   0   0   0   0   0   0   0   0   0   0
  0   0   0   0   0   0   0   0   0   0   0   0   0   0   0   0
  0   0   0   0   0   6  20  31  31  19   5   0   0   0   0   0
  0   0   0   1  20  74 136 177 176 132  70  17   1   0   0   0
  0   0   0  20 110 201 217 217 217 217 199 101  16   0   0   0
  0   0   6  74 201 217 217 217 217 217 217 198  63   4   0   0
  0   0  20 136 217 217 217 217 217 217 217 217 127  13   0   0
  0   0  31 177 217 217 217 217 217 217 217 217 171  20   0   0
  0   0  31 176 217 217 217 217 217 217 217 217 169  20   0   0
  0   0  19 132 217 217 217 217 217 217 217 217 122  12   0   0
  0   0   5  70 199 217 217 217 217 217 217 195  58   3   0   0
  0   0   0  17 101 198 217 217 217 217 195  91  13   0   0   0
  0   0   0   1  16  63 127 171 169 122  58  13   0   0   0   0
  0   0   0   0   0   4  13  20  20  12   3   0   0   0   0   0
  0   0   0   0   0   0   0   0   0   0   0   0   0   0   0   0
  0   0   0   0   0   0   0   0   0   0   0   0   0   0   0   0
  0   0   0   0   0   0   0   0   0   0   0   0   0   0   0   0
  0   0   0   0   0   0   0   0   0   0   0   0   0   0   0   0
  0   0   0   0   0   6  20  31  31  19   5   0   0   0   0   0
  0   0   0   1  20  74 136 177 176 132  70  17   1   0   0   0
  0   0   0  20 110 201 217 217 217 217 199 101  16   0   0   0
  0   0   6  74 201 217 217 217 217 217 217 198  63   4   0   0
  0   0  20 136 217 217 217 217 217 217 217 217 127  13   0   0
  0   0  31 177 217 217 217 217 217 217 217 217 171  20   0   0
  0   0  31 176 217 217 217 217 217 217 217 217 169  20   0   0
  0   0  19 132 217 217 217 217 217 217 217 217 122  12   0   0
  0   0   5  70 199 217 217 217 217 217 217 195  58   3   0   0
  0   0   0  17 101 198 217 217 217 217 195  91  13   0   0   0
  0   0   0   1  16  63 127 171 169 122  58  13   0   0   0   0
  0   0   0   0   0   4  13  20  20  12   3   0   0   0   0   0
  0   0   0   0   0   0   0   0   0   0   0   0   0   0   0   0
  0   0   0   0   0   0   0   0   0   0   0   0   0   0   0   0

  0   0   0   0   0   0   0   0   0   0   0   0   0   0   0   0
  0   0   0   0   0   0   0   0   0   0   0   0   0   0   0   0
  0   0   0   0   0   5  16  26  26  16   5   0   0   0   0   0
  0   0   0   1  17  67 129 172 172 128  66  16   1   0   0   0
  0   0   0  17 102 199 217 217 217 217 198 100  16   0   0   0
  0   0   5  67 199 217 217 217 217 217 217 198  66   5   0   0
  0   0  17 131 217 217 217 217 217 217 217 217 128  16   0   0
  0   0  26 175 217 217 217 217 217 217 217 217 172  26   0   0
  0   0  26 175 217 217 217 217 217 217 217 217 172  26   0   0
  0   0  17 131 217 217 217 217 217 217 217 217 129  16   0   0
  0   0   5  68 200 217 217 217 217 217 217 199  67   5   0   0
  0   0   0  17 103 200 217 217 217 217 199 102  17   0   0   0
  0   0   0   1  17  68 131 175 175 131  67  17   1   0   0   0
  0   0   0   0   0   5  17  26  26  17   5   0   0   0   0   0
  0   0   0   0   0   0   0   0   0   0   0   0   0   0   0   0
  0   0   0   0   0   0   0   0   0   0   0   0   0   0   0   0
  0   0   0   0   0   0   0   0   0   0   0   0   0   0   0   0
  0   0   0   0   0   0   0   0   0   0   0   0   0   0   0   0
  0   0   0   0   0   5  16  26  26  16   5   0   0   0   0   0
  0   0   0   1  17  67 129 172 172 128  66  16   1   0   0   0
  0   0   0  17 102 199 217 217 217 217 198 100  16   0   0   0
  0   0   5  67 199 217 217 217 217 217 217 198  66   5   0   0
  0   0  17 131 217 217 217 217 217 217 217 217 128  16   0   0
  0   0  26 175 217 217 217 217 217 217 217 217 172  26   0   0
  0   0  26 175 217 217 217 217 217 217 217 217 172  26   0   0
  0   0  17 131 217 217 217 217 217 217 217 217 129  16   0   0
  0   0   5  68 200 217 217 217 217 217 217 199  67   5   0   0
  0   0   0  17 103 200 217 217 217 217 199 102  17   0   0   0
  0   0   0   1  17  68 131 175 175 131  67  17   1   0   0   0
  0   0   0   0   0   5  17  26  26  17   5   0   0   0   0   0
  0   0   0   0   0   0   0   0   0   0   0   0   0   0   0   0
  0   0   0   0   0   0   0   0   0   0   0   0   0   0   0   0
  0   0   0   0   0   0   0   0   0   0   0   0   0   0   0   0
  0   0   0   0   0   0   0   0   0   0   0   0   0   0   0   0
  0   0   0   0   0   5  16  26  26  16   5   0   0   0   0   0
  0   0   0   1  17  67 129 172 172 128  66  16   1   0   0   0
  0   0   0  17 102 199 217 217 217 217 198 100  16   0   0   0
  0   0   5  67 199 217 217 217 217 217 217 198  66   5   0   0
  0   0  17 131 217 217 217 217 217 217 217 217 128  16   0   0
  0   0  26 175 217 217 217 217 217 217 217 217 172  26   0   0
  0   0  26 175 217 217 217 217 217 217 217 217 172  26   0   0
  0   0  17 131 217 217 217 217 217 217 217 217 129  16   0   0
  0   0   5  68 200 217 217 217 217 217 217 199  67   5   0   0
  0   0   0  17 103 200 217 217 217 217 199 102  17   0   0   0
  0   0   0   1  17  68 131 175 175 131  67  17   1   0   0   0
  0   0   0   0   0   5  17  26  26  17   5   0   0   0   0   0
  0   0   0   0   0   0   0   0   0   0   0   0   0   0   0   0
  0   0   0   0   0   0   0   0   0   0   0   0   0   0   0   0
