 26 180 253 215  83   0 136 240 240 136   0  83 215 253 180  26
180 255 255 255 253 119 255 255 255 255 119 253 255 255 255 180
253 255 255 255 255 197 255 255 255 255 197 255 255 255 255 253
215 255 255 255 255 161 255 255 255 255 161 255 255 255 255 215
 83 253 255 255 146  17 203 255 255 203  17 146 255 255 253  83
  0 119 197 161  17   0  64 186 186  64   0  17 161 197 119   0
136 255 255 255 203  64 255 255 255 255  64 203 255 255 255 136
240 255 255 255 255 186 255 255 255 255 186 255 255 255 255 240
240 255 255 255 255 186 255 255 255 255 186 255 255 255 255 240
136 255 255 255 203  64 255 255 255 255  64 203 255 255 255 136
  0 119 197 161  17   0  64 158 158  64   0  17 136 169 104   0
 83 253 255 255 146   0   0   0   0   0   0   0   0   0   0   0
215 255 255 255 255  54   0   0   0   0   0   0   0   0   0   0
253 255 255 255 255  83   0   0   0   0   0   0   0   0   0   0
180 255 255 255 253  26   0   0   0   0   0   0   0   0   0   0
 26 180 253 215  83   0   0   0   0   0   0   0   0   0   0   0
 26 180 253 215  83   0 136 240 240 136   0  83 215 253 180  26
180 255 255 255 253 119 255 255 255 255 119 253 255 255 255 180
253 255 255 255 255 197 255 255 255 255 197 255 255 255 255 253
215 255 255 255 255 161 255 255 255 255 161 255 255 255 255 215
 83 253 255 255 146  17 203 255 255 203  17 146 255 255 253  83
  0 119 197 161  17   0  64 186 186  64   0  17 161 197 119   0
136 255 255 255 203  64 255 255 255 255  64 203 255 255 255 136
240 255 255 255 255 186 255 255 255 255 186 255 255 255 255 240
240 255 255 255 255 186 255 255 255 255 186 255 255 255 255 240
136 255 255 255 203  64 255 255 255 255  64 203 255 255 255 136
  0 119 197 161  17   0  64 158 158  64   0  17 136 169 104   0
 83 253 255 255 146   0   0   0   0   0   0   0   0   0   0   0
215 255 255 255 255  54   0   0   0   0   0   0   0   0   0   0
253 255 255 255 255  83   0   0   0   0   0   0   0   0   0   0
180 255 255 255 253  26   0   0   0   0   0   0   0   0   0   0
 26 180 253 215  83   0   0   0   0   0   0   0   0   0   0   0
 26 180 253 215  83   0 136 240 240 136   0  83 215 253 180  26
180 255 255 255 253 119 255 255 255 255 119 253 255 255 255 180
253 255 255 255 255 197 255 255 255 255 197 255 255 255 255 253
215 255 255 255 255 161 255 255 255 255 161 255 255 255 255 215
 83 253 255 255 146  17 203 255 255 203  17 146 255 255 253  83
  0 119 197 161  17   0  64 186 186  64   0  17 161 197 119   0
136 255 255 255 203  64 255 255 255 255  64 203 255 255 255 136
240 255 255 255 255 186 255 255 255 255 186 255 255 255 255 240
240 255 255 255 255 186 255 255 255 255 186 255 255 255 255 240
136 255 255 255 203  64 255 255 255 255  64 203 255 255 255 136
  0 119 197 161  17   0  64 158 158  64   0  17 136 169 104   0
 83 253 255 255 146   0   0   0   0   0   0   0   0   0   0   0
215 255 255 255 255  54   0   0   0   0   0   0   0   0   0   0
253 255 255 255 255  83   0   0   0   0   0   0   0   0   0   0
180 255 255 255 253  26   0   0   0   0   0   0   0   0   0   0
 26 180 253 215  83   0   0   0   0   0   0   0   0   0   0   0

 26 180 253 215  83   0 136 240 240 136   0   0   0   0   0   0
180 255 255 255 253 119 255 255 255 255 104   0   0   0   0   0
253 255 255 255 255 197 255 255 255 255 169   0   0   0   0   0
215 255 255 255 255 161 255 255 255 255 136   0   0   0   0   0
 83 253 255 255 146  17 203 255 255 203  17   0   0   0   0   0
  0 119 197 161  17   0  64 186 186  64   0   0   0   0   0   0
136 255 255 255 203  64 255 255 255 255  64   0   0   0   0   0
240 255 255 255 255 186 255 255 255 255 158   0   0   0   0   0
240 255 255 255 255 186 255 255 255 255 158   0   0   0   0   0
136 255 255 255 203  64 255 255 255 255  64   0   0   0   0   0
  0 119 197 161  17   0  64 186 186  64   0   0  54  83  26   0
 83 253 255 255 146  17 203 255 255 203  17 146 255 255 253  83
215 255 255 255 255 161 255 255 255 255 161 255 255 255 255 215
253 255 255 255 255 197 255 255 255 255 197 255 255 255 255 253
180 255 255 255 253 119 255 255 255 255 119 253 255 255 255 180
 26 180 253 215  83   0 136 240 240 136   0  83 215 253 180  26
 26 180 253 215  83   0 136 240 240 136   0   0   0   0   0   0
180 255 255 255 253 119 255 255 255 255 104   0   0   0   0   0
253 255 255 255 255 197 255 255 255 255 169   0   0   0   0   0
215 255 255 255 255 161 255 255 255 255 136   0   0   0   0   0
 83 253 255 255 146  17 203 255 255 203  17   0   0   0   0   0
  0 119 197 161  17   0  64 186 186  64   0   0   0   0   0   0
136 255 255 255 203  64 255 255 255 255  64   0   0   0   0   0
240 255 255 255 255 186 255 255 255 255 158   0   0   0   0   0
240 255 255 255 255 186 255 255 255 255 158   0   0   0   0   0
136 255 255 255 203  64 255 255 255 255  64   0   0   0   0   0
  0 119 197 161  17   0  64 186 186  64   0   0  54  83  26   0
 83 253 255 255 146  17 203 255 255 203  17 146 255 255 253  83
215 255 255 255 255 161 255 255 255 255 161 255 255 255 255 215
253 255 255 255 255 197 255 255 255 255 197 255 255 255 255 253
180 255 255 255 253 119 255 255 255 255 119 253 255 255 255 180
 26 180 253 215  83   0 136 240 240 136   0  83 215 253 180  26
 26 180 253 215  83   0 136 240 240 136   0   0   0   0   0   0
180 255 255 255 253 119 255 255 255 255 104   0   0   0   0   0
253 255 255 255 255 197 255 255 255 255 169   0   0   0   0   0
215 255 255 255 255 161 255 255 255 255 136   0   0   0   0   0
 83 253 255 255 146  17 203 255 255 203  17   0   0   0   0   0
  0 119 197 161  17   0  64 186 186  64   0   0   0   0   0   0
136 255 255 255 203  64 255 255 255 255  64   0   0   0   0   0
240 255 255 255 255 186 255 255 255 255 158   0   0   0   0   0
240 255 255 255 255 186 255 255 255 255 158   0   0   0   0   0
136 255 255 255 203  64 255 255 255 255  64   0   0   0   0   0
  0 119 197 161  17   0  64 186 186  64   0   0  54  83  26   0
 83 253 255 255 146  17 203 255 255 203  17 146 255 255 253  83
215 255 255 255 255 161 255 255 255 255 161 255 255 255 255 215
253 255 255 255 255 197 255 255 255 255 197 255 255 255 255 253
180 255 255 255 253 119 255 255 255 255 119 253 255 255 255 180
 26 180 253 215  83   0 136 240 240 136   0  83 215 253 180  26

  0   0   0   0   0   0   0   0   0   0   0  82 205 243 179  33
  0   0   0   0   0   0   0   0   0   0  34 250 255 255 255 192
  0   0   0   0   0   0   0   0   0   0  80 255 255 255 255 240
  0   0   0   0   0   0   0   0   0   0  64 255 255 255 255 224
  0   0   0   0   0   0   0   0   0   0   6 203 255 255 255 114
 10 116 179 141  35   0  76 168 168  76   0  37 168 198 140   7
161 255 255 255 237  93 255 255 255 255  91 238 255 255 255 161
240 255 255 255 255 184 255 255 255 255 172 255 255 255 255 240
240 255 255 255 255 184 255 255 255 255 178 255 255 255 255 240
169 255 255 255 230  93 255 255 255 255  91 237 255 255 255 161
  7 118 195 147  34   0  76 181 181  72   0  35 147 194 119   7
 74 238 255 254 143  24 204 255 255 204  20 142 254 255 237  71
215 255 255 255 255 160 255 255 255 255 158 255 255 255 255 215
248 255 255 255 255 211 255 255 255 255 208 255 255 255 255 248
200 255 255 255 250 131 255 255 255 255 131 250 255 255 255 192
 35 179 245 205  80   6 140 232 232 136   6  83 205 243 180  33
  0   0   0   0   0   0   0   0   0   0   0  82 205 243 179  33
  0   0   0   0   0   0   0   0   0   0  34 250 255 255 255 192
  0   0   0   0   0   0   0   0   0   0  80 255 255 255 255 240
  0   0   0   0   0   0   0   0   0   0  64 255 255 255 255 224
  0   0   0   0   0   0   0   0   0   0   6 203 255 255 255 114
 10 116 179 141  35   0  76 168 168  76   0  37 168 198 140   7
161 255 255 255 237  93 255 255 255 255  91 238 255 255 255 161
240 255 255 255 255 184 255 255 255 255 172 255 255 255 255 240
240 255 255 255 255 184 255 255 255 255 178 255 255 255 255 240
169 255 255 255 230  93 255 255 255 255  91 237 255 255 255 161
  7 118 195 147  34   0  76 181 181  72   0  35 147 194 119   7
 74 238 255 254 143  24 204 255 255 204  20 142 254 255 237  71
215 255 255 255 255 160 255 255 255 255 158 255 255 255 255 215
248 255 255 255 255 211 255 255 255 255 208 255 255 255 255 248
200 255 255 255 250 131 255 255 255 255 131 250 255 255 255 192
 35 179 245 205  80   6 140 232 232 136   6  83 205 243 180  33
  0   0   0   0   0   0   0   0   0   0   0  82 205 243 179  33
  0   0   0   0   0   0   0   0   0   0  34 250 255 255 255 192
  0   0   0   0   0   0   0   0   0   0  80 255 255 255 255 240
  0   0   0   0   0   0   0   0   0   0  64 255 255 255 255 224
  0   0   0   0   0   0   0   0   0   0   6 203 255 255 255 114
 10 116 179 141  35   0  76 168 168  76   0  37 168 198 140   7
161 255 255 255 237  93 255 255 255 255  91 238 255 255 255 161
240 255 255 255 255 184 255 255 255 255 172 255 255 255 255 240
240 255 255 255 255 184 255 255 255 255 178 255 255 255 255 240
169 255 255 255 230  93 255 255 255 255  91 237 255 255 255 161
  7 118 195 147  34   0  76 181 181  72   0  35 147 194 119   7
 74 238 255 254 143  24 204 255 255 204  20 142 254 255 237  71
215 255 255 255 255 160 255 255 255 255 158 255 255 255 255 215
248 255 255 255 255 211 255 255 255 255 208 255 255 255 255 248
200 255 255 255 250 131 255 255 255 255 131 250 255 255 255 192
 35 179 245 205  80   6 140 232 232 136   6  83 205 243 180  33

 36 180 243 205  83   6 140 232 232 140   6  82 205 243 179  33
192 255 255 255 250 131 255 255 255 255 131 250 255 255 255 192
240 255 255 255 255 190 255 255 255 255 190 255 255 255 255 240
240 255 255 255 255 172 255 255 255 255 172 255 255 255 255 224
120 255 255 255 196  51 241 255 255 241  51 203 255 255 255 114
  0  46  64  62   4   0  92 190 190  91   0  37 168 198 140   7
  0   0   0   0   0  81 255 255 255 255  91 238 255 255 255 161
  0   0   0   0   0 160 255 255 255 255 172 255 255 255 255 240
  0   0   0   0   0 160 255 255 255 255 178 255 255 255 255 240
  0   0   0   0   0  81 255 255 255 255  91 237 255 255 255 161
  0   0   0   0   0   0  76 181 181  72   0  35 147 194 119   7
  0   0   0   0   0  24 204 255 255 204  20 142 254 255 237  71
  0   0   0   0   0 135 255 255 255 255 158 255 255 255 255 215
  0   0   0   0   0 184 255 255 255 255 208 255 255 255 255 248
  0   0   0   0   0 112 255 255 255 255 131 250 255 255 255 192
  0   0   0   0   0   6 140 232 232 136   6  83 205 243 180  33
 36 180 243 205  83   6 140 232 232 140   6  82 205 243 179  33
192 255 255 255 250 131 255 255 255 255 131 250 255 255 255 192
240 255 255 255 255 190 255 255 255 255 190 255 255 255 255 240
240 255 255 255 255 172 255 255 255 255 172 255 255 255 255 224
120 255 255 255 196  51 241 255 255 241  51 203 255 255 255 114
  0  46  64  62   4   0  92 190 190  91   0  37 168 198 140   7
  0   0   0   0   0  81 255 255 255 255  91 238 255 255 255 161
  0   0   0   0   0 160 255 255 255 255 172 255 255 255 255 240
  0   0   0   0   0 160 255 255 255 255 178 255 255 255 255 240
  0   0   0   0   0  81 255 255 255 255  91 237 255 255 255 161
  0   0   0   0   0   0  76 181 181  72   0  35 147 194 119   7
  0   0   0   0   0  24 204 255 255 204  20 142 254 255 237  71
  0   0   0   0   0 135 255 255 255 255 158 255 255 255 255 215
  0   0   0   0   0 184 255 255 255 255 208 255 255 255 255 248
  0   0   0   0   0 112 255 255 255 255 131 250 255 255 255 192
  0   0   0   0   0   6 140 232 232 136   6  83 205 243 180  33
 36 180 243 205  83   6 140 232 232 140   6  82 205 243 179  33
192 255 255 255 250 131 255 255 255 255 131 250 255 255 255 192
240 255 255 255 255 190 255 255 255 255 190 255 255 255 255 240
240 255 255 255 255 172 255 255 255 255 172 255 255 255 255 224
120 255 255 255 196  51 241 255 255 241  51 203 255 255 255 114
  0  46  64  62   4   0  92 190 190  91   0  37 168 198 140   7
  0   0   0   0   0  81 255 255 255 255  91 238 255 255 255 161
  0   0   0   0   0 160 255 255 255 255 172 255 255 255 255 240
  0   0   0   0   0 160 255 255 255 255 178 255 255 255 255 240
  0   0   0   0   0  81 255 255 255 255  91 237 255 255 255 161
  0   0   0   0   0   0  76 181 181  72   0  35 147 194 119   7
  0   0   0   0   0  24 204 255 255 204  20 142 254 255 237  71
  0   0   0   0   0 135 255 255 255 255 158 255 255 255 255 215
  0   0   0   0   0 184 255 255 255 255 208 255 255 255 255 248
  0   0   0   0   0 112 255 255 255 255 131 250 255 255 255 192
  0   0   0   0   0   6 140 232 232 136   6  83 205 243 180  33
