  0   0   0   0   0   0 136 240 240 136   0   0   0   0   0   0
  0   0   0   0   0 104 255 255 255 255 104   0   0   0   0   0
  0   0   0   0   0 169 255 255 255 255 169   0   0   0   0   0
  0   0   0   0   0 136 255 255 255 255 136   0   0   0   0   0
  0   0   0   0   0  17 203 255 255 203  17   0   0   0   0   0
  0 104 169 136  17   0   0  74  74   0   0  17 136 169 104   0
136 255 255 255 203   0   0   0   0   0   0 203 255 255 255 136
240 255 255 255 255  74   0   0   0   0  74 255 255 255 255 240
240 255 255 255 255  74   0   0   0   0  74 255 255 255 255 240
136 255 255 255 203   0   0   0   0   0   0 203 255 255 255 136
  0 119 197 161  17   0   0  74  74   0   0  17 161 197 119   0
 83 253 255 255 146  17 203 255 255 203  17 146 255 255 253  83
215 255 255 255 255 161 255 255 255 255 161 255 255 255 255 215
253 255 255 255 255 197 255 255 255 255 197 255 255 255 255 253
180 255 255 255 253 119 255 255 255 255 119 253 255 255 255 180
 26 180 253 215  83   0 136 240 240 136   0  83 215 253 180  26
  0   0   0   0   0   0 136 240 240 136   0   0   0   0   0   0
  0   0   0   0   0 104 255 255 255 255 104   0   0   0   0   0
  0   0   0   0   0 169 255 255 255 255 169   0   0   0   0   0
  0   0   0   0   0 136 255 255 255 255 136   0   0   0   0   0
  0   0   0   0   0  17 203 255 255 203  17   0   0   0   0   0
  0 104 169 136  17   0   0  74  74   0   0  17 136 169 104   0
136 255 255 255 203   0   0   0   0   0   0 203 255 255 255 136
240 255 255 255 255  74   0   0   0   0  74 255 255 255 255 240
240 255 255 255 255  74   0   0   0   0  74 255 255 255 255 240
136 255 255 255 203   0   0   0   0   0   0 203 255 255 255 136
  0 119 197 161  17   0   0  74  74   0   0  17 161 197 119   0
 83 253 255 255 146  17 203 255 255 203  17 146 255 255 253  83
215 255 255 255 255 161 255 255 255 255 161 255 255 255 255 215
253 255 255 255 255 197 255 255 255 255 197 255 255 255 255 253
180 255 255 255 253 119 255 255 255 255 119 253 255 255 255 180
 26 180 253 215  83   0 136 240 240 136   0  83 215 253 180  26
  0   0   0   0   0   0 136 240 240 136   0   0   0   0   0   0
  0   0   0   0   0 104 255 255 255 255 104   0   0   0   0   0
  0   0   0   0   0 169 255 255 255 255 169   0   0   0   0   0
  0   0   0   0   0 136 255 255 255 255 136   0   0   0   0   0
  0   0   0   0   0  17 203 255 255 203  17   0   0   0   0   0
  0 104 169 136  17   0   0  74  74   0   0  17 136 169 104   0
136 255 255 255 203   0   0   0   0   0   0 203 255 255 255 136
240 255 255 255 255  74   0   0   0   0  74 255 255 255 255 240
240 255 255 255 255  74   0   0   0   0  74 255 255 255 255 240
136 255 255 255 203   0   0   0   0   0   0 203 255 255 255 136
  0 119 197 161  17   0   0  74  74   0   0  17 161 197 119   0
 83 253 255 255 146  17 203 255 255 203  17 146 255 255 253  83
215 255 255 255 255 161 255 255 255 255 161 255 255 255 255 215
253 255 255 255 255 197 255 255 255 255 197 255 255 255 255 253
180 255 255 255 253 119 255 255 255 255 119 253 255 255 255 180
 26 180 253 215  83   0 136 240 240 136   0  83 215 253 180  26

  0   0   0   0   0   0 136 240 240 136   0  83 215 253 180  26
  0   0   0   0   0 104 255 255 255 255 119 253 255 255 255 180
  0   0   0   0   0 169 255 255 255 255 197 255 255 255 255 253
  0   0   0   0   0 136 255 255 255 255 161 255 255 255 255 215
  0   0   0   0   0  17 203 255 255 203  17 146 255 255 253  83
  0 104 169 136  17   0   0  74  74   0   0  17 161 197 119   0
136 255 255 255 203   0   0   0   0   0   0 203 255 255 255 136
240 255 255 255 255  74   0   0   0   0  74 255 255 255 255 240
240 255 255 255 255  74   0   0   0   0  74 255 255 255 255 240
136 255 255 255 203   0   0   0   0   0   0 203 255 255 255 136
  0 104 169 136  17   0   0  74  74   0   0  17 161 197 119   0
  0   0   0   0   0  17 203 255 255 203  17 146 255 255 253  83
  0   0   0   0   0 136 255 255 255 255 161 255 255 255 255 215
  0   0   0   0   0 169 255 255 255 255 197 255 255 255 255 253
  0   0   0   0   0 104 255 255 255 255 119 253 255 255 255 180
  0   0   0   0   0   0 136 240 240 136   0  83 215 253 180  26
  0   0   0   0   0   0 136 240 240 136   0  83 215 253 180  26
  0   0   0   0   0 104 255 255 255 255 119 253 255 255 255 180
  0   0   0   0   0 169 255 255 255 255 197 255 255 255 255 253
  0   0   0   0   0 136 255 255 255 255 161 255 255 255 255 215
  0   0   0   0   0  17 203 255 255 203  17 146 255 255 253  83
  0 104 169 136  17   0   0  74  74   0   0  17 161 197 119   0
136 255 255 255 203   0   0   0   0   0   0 203 255 255 255 136
240 255 255 255 255  74   0   0   0   0  74 255 255 255 255 240
240 255 255 255 255  74   0   0   0   0  74 255 255 255 255 240
136 255 255 255 203   0   0   0   0   0   0 203 255 255 255 136
  0 104 169 136  17   0   0  74  74   0   0  17 161 197 119   0
  0   0   0   0   0  17 203 255 255 203  17 146 255 255 253  83
  0   0   0   0   0 136 255 255 255 255 161 255 255 255 255 215
  0   0   0   0   0 169 255 255 255 255 197 255 255 255 255 253
  0   0   0   0   0 104 255 255 255 255 119 253 255 255 255 180
  0   0   0   0   0   0 136 240 240 136   0  83 215 253 180  26
  0   0   0   0   0   0 136 240 240 136   0  83 215 253 180  26
  0   0   0   0   0 104 255 255 255 255 119 253 255 255 255 180
  0   0   0   0   0 169 255 255 255 255 197 255 255 255 255 253
  0   0   0   0   0 136 255 255 255 255 161 255 255 255 255 215
  0   0   0   0   0  17 203 255 255 203  17 146 255 255 253  83
  0 104 169 136  17   0   0  74  74   0   0  17 161 197 119   0
136 255 255 255 203   0   0   0   0   0   0 203 255 255 255 136
240 255 255 255 255  74   0   0   0   0  74 255 255 255 255 240
240 255 255 255 255  74   0   0   0   0  74 255 255 255 255 240
136 255 255 255 203   0   0   0   0   0   0 203 255 255 255 136
  0 104 169 136  17   0   0  74  74   0   0  17 161 197 119   0
  0   0   0   0   0  17 203 255 255 203  17 146 255 255 253  83
  0   0   0   0   0 136 255 255 255 255 161 255 255 255 255 215
  0   0   0   0   0 169 255 255 255 255 197 255 255 255 255 253
  0   0   0   0   0 104 255 255 255 255 119 253 255 255 255 180
  0   0   0   0   0   0 136 240 240 136   0  83 215 253 180  26

 36 180 243 205  83   6 140 232 232 140   6  82 205 243 179  33
192 255 255 255 250 131 255 255 255 255 131 250 255 255 255 192
240 255 255 255 255 190 255 255 255 255 190 255 255 255 255 240
240 255 255 255 255 172 255 255 255 255 172 255 255 255 255 224
120 255 255 255 196  51 241 255 255 241  51 203 255 255 255 114
 10 141 198 168  38   0  24  64  64  22   0  37 168 198 140   7
161 255 255 255 237  18   0   0   0   0  18 238 255 255 255 161
240 255 255 255 255  64   0   0   0   0  64 255 255 255 255 240
240 255 255 255 255  64   0   0   0   0  64 255 255 255 255 240
169 255 255 255 230  18   0   0   0   0  18 237 255 255 255 161
  7 115 181 141  34   0   0  40  40   0   0  35 141 179 116   7
  0   0   0   0   0  24 204 255 255 204  20   0   0   0   0   0
  0   0   0   0   0 135 255 255 255 255 133   0   0   0   0   0
  0   0   0   0   0 184 255 255 255 255 176   0   0   0   0   0
  0   0   0   0   0 112 255 255 255 255 112   0   0   0   0   0
  0   0   0   0   0   6 140 232 232 136   6   0   0   0   0   0
 36 180 243 205  83   6 140 232 232 140   6  82 205 243 179  33
192 255 255 255 250 131 255 255 255 255 131 250 255 255 255 192
240 255 255 255 255 190 255 255 255 255 190 255 255 255 255 240
240 255 255 255 255 172 255 255 255 255 172 255 255 255 255 224
120 255 255 255 196  51 241 255 255 241  51 203 255 255 255 114
 10 141 198 168  38   0  24  64  64  22   0  37 168 198 140   7
161 255 255 255 237  18   0   0   0   0  18 238 255 255 255 161
240 255 255 255 255  64   0   0   0   0  64 255 255 255 255 240
240 255 255 255 255  64   0   0   0   0  64 255 255 255 255 240
169 255 255 255 230  18   0   0   0   0  18 237 255 255 255 161
  7 115 181 141  34   0   0  40  40   0   0  35 141 179 116   7
  0   0   0   0   0  24 204 255 255 204  20   0   0   0   0   0
  0   0   0   0   0 135 255 255 255 255 133   0   0   0   0   0
  0   0   0   0   0 184 255 255 255 255 176   0   0   0   0   0
  0   0   0   0   0 112 255 255 255 255 112   0   0   0   0   0
  0   0   0   0   0   6 140 232 232 136   6   0   0   0   0   0
 36 180 243 205  83   6 140 232 232 140   6  82 205 243 179  33
192 255 255 255 250 131 255 255 255 255 131 250 255 255 255 192
240 255 255 255 255 190 255 255 255 255 190 255 255 255 255 240
240 255 255 255 255 172 255 255 255 255 172 255 255 255 255 224
120 255 255 255 196  51 241 255 255 241  51 203 255 255 255 114
 10 141 198 168  38   0  24  64  64  22   0  37 168 198 140   7
161 255 255 255 237  18   0   0   0   0  18 238 255 255 255 161
240 255 255 255 255  64   0   0   0   0  64 255 255 255 255 240
240 255 255 255 255  64   0   0   0   0  64 255 255 255 255 240
169 255 255 255 230  18   0   0   0   0  18 237 255 255 255 161
  7 115 181 141  34   0   0  40  40   0   0  35 141 179 116   7
  0   0   0   0   0  24 204 255 255 204  20   0   0   0   0   0
  0   0   0   0   0 135 255 255 255 255 133   0   0   0   0   0
  0   0   0   0   0 184 255 255 255 255 176   0   0   0   0   0
  0   0   0   0   0 112 255 255 255 255 112   0   0   0   0   0
  0   0   0   0   0   6 140 232 232 136   6   0   0   0   0   0

 36 180 243 205  83   6 140 232 232 140   6   0   0   0   0   0
192 255 255 255 250 131 255 255 255 255 112   0   0   0   0   0
240 255 255 255 255 190 255 255 255 255 160   0   0   0   0   0
240 255 255 255 255 172 255 255 255 255 144   0   0   0   0   0
120 255 255 255 196  51 241 255 255 241  47   0   0   0   0   0
 10 141 198 168  38   0  24  64  64  22   0  34 141 179 115   7
161 255 255 255 237  18   0   0   0   0  18 238 255 255 255 161
240 255 255 255 255  64   0   0   0   0  64 255 255 255 255 240
240 255 255 255 255  64   0   0   0   0  64 255 255 255 255 240
169 255 255 255 230  18   0   0   0   0  18 237 255 255 255 161
  7 118 195 147  34   0   0  40  40   0   0  35 141 179 116   7
 74 238 255 254 143  24 204 255 255 204  20   0   0   0   0   0
215 255 255 255 255 160 255 255 255 255 133   0   0   0   0   0
248 255 255 255 255 211 255 255 255 255 176   0   0   0   0   0
200 255 255 255 250 131 255 255 255 255 112   0   0   0   0   0
 35 179 245 205  80   6 140 232 232 136   6   0   0   0   0   0
 36 180 243 205  83   6 140 232 232 140   6   0   0   0   0   0
192 255 255 255 250 131 255 255 255 255 112   0   0   0   0   0
240 255 255 255 255 190 255 255 255 255 160   0   0   0   0   0
240 255 255 255 255 172 255 255 255 255 144   0   0   0   0   0
120 255 255 255 196  51 241 255 255 241  47   0   0   0   0   0
 10 141 198 168  38   0  24  64  64  22   0  34 141 179 115   7
161 255 255 255 237  18   0   0   0   0  18 238 255 255 255 161
240 255 255 255 255  64   0   0   0   0  64 255 255 255 255 240
240 255 255 255 255  64   0   0   0   0  64 255 255 255 255 240
169 255 255 255 230  18   0   0   0   0  18 237 255 255 255 161
  7 118 195 147  34   0   0  40  40   0   0  35 141 179 116   7
 74 238 255 254 143  24 204 255 255 204  20   0   0   0   0   0
215 255 255 255 255 160 255 255 255 255 133   0   0   0   0   0
248 255 255 255 255 211 255 255 255 255 176   0   0   0   0   0
200 255 255 255 250 131 255 255 255 255 112   0   0   0   0   0
 35 179 245 205  80   6 140 232 232 136   6   0   0   0   0   0
 36 180 243 205  83   6 140 232 232 140   6   0   0   0   0   0
192 255 255 255 250 131 255 255 255 255 112   0   0   0   0   0
240 255 255 255 255 190 255 255 255 255 160   0   0   0   0   0
240 255 255 255 255 172 255 255 255 255 144   0   0   0   0   0
120 255 255 255 196  51 241 255 255 241  47   0   0   0   0   0
 10 141 198 168  38   0  24  64  64  22   0  34 141 179 115   7
161 255 255 255 237  18   0   0   0   0  18 238 255 255 255 161
240 255 255 255 255  64   0   0   0   0  64 255 255 255 255 240
240 255 255 255 255  64   0   0   0   0  64 255 255 255 255 240
169 255 255 255 230  18   0   0   0   0  18 237 255 255 255 161
  7 118 195 147  34   0   0  40  40   0   0  35 141 179 116   7
 74 238 255 254 143  24 204 255 255 204  20   0   0   0   0   0
215 255 255 255 255 160 255 255 255 255 133   0   0   0   0   0
248 255 255 255 255 211 255 255 255 255 176   0   0   0   0   0
200 255 255 255 250 131 255 255 255 255 112   0   0   0   0   0
 35 179 245 205  80   6 140 232 232 136   6   0   0   0   0   0
